% pipe									
model.pipe = [									
% from_node	to_node	length(m)	diameter(m)	roughness	conductivity	Mmin	Mmax	
1	14	26.5	0.2	0.0005	0.12	0	Inf	50
2	14	12	0.2	0.0005	0.12	0	Inf	50
14	15	152	0.2	0.0005	0.19	0	Inf	100
15	19	207.5	0.2	0.0005	0.19	0	Inf	50
15	20	173.6	0.2	0.0005	0.17	0	Inf	50
15	21	189.5	0.2	0.0005	0.21	0	Inf	50
15	22	180.6	0.2	0.0005	0.17	0	Inf	50
16	15	130	0.2	0.0005	0.18	0	Inf	100
16	18	52	0.2	0.0005	0.15	0	Inf	50
6	16	11.4	0.2	0.0005	0.12	0	Inf	150
3	12	26.5	0.2	0.0005	0.12	0	Inf	50
3	13	12	0.2	0.0005	0.12	0	Inf	50
4	3	152	0.2	0.0005	0.19	0	Inf	100
8	4	207.5	0.2	0.0005	0.19	0	Inf	50
9	4	173.6	0.2	0.0005	0.17	0	Inf	50
10	4	189.5	0.2	0.0005	0.21	0	Inf	50
11	4	180.6	0.2	0.0005	0.17	0	Inf	50
4	5	130	0.2	0.0005	0.18	0	Inf	100
7	5	52	0.2	0.0005	0.15	0	Inf	50
5	17	11.4	0.2	0.0005	0.12	0	Inf	150
12	1	0	0.2	0.0005	0.12	0	Inf	50
13	2	0	0.2	0.0005	0.12	0	Inf	50
14	3	0	0.2	0.0005	0.19	0	Inf	0
15	4	0	0.2	0.0005	0.19	0	Inf	0
16	5	0	0.2	0.0005	0.17	0	Inf	0
17	6	0	0.2	0.0005	0.21	0	Inf	150
18	7	0	0.2	0.0005	0.17	0	Inf	50
19	8	0	0.2	0.0005	0.18	0	Inf	50
20	9	0	0.2	0.0005	0.15	0	Inf	50
21	10	0	0.2	0.0005	0.12	0	Inf	50
22	11	0	0.2	0.0005	0.12	0	Inf	50
];									
									
% node									
model.node = [									
% node	load(kJ)	Tmin	Tmax					
1	0	60	100
2	0	60	100
3	0	50	100
4	0	50	100
5	0	50	100
6	0	60	100
7	0	50	100
8	0	50	100
9	0	50	100
10	0	50	100
11	0	50	100
12	0	30	100
13	0	30	100
14	0	80	100
15	0	80	100
16	0	80	100
17	0	30	100
18	0	80	100
19	0	80	100
20	0	80	100
21	0	80	100
22	0	80	100				
];									
									
% combined heat and power									
model.chp = [									
	% node	Pmin	Pmax	Hmin	Hmax	efficiency	Mmin	Mmax	Gen
	1 	0.00 	Inf	0.00 	Inf	1 	0.00 	Inf	3 
    2 	0.00 	Inf	0.00 	Inf	1 	0.00 	Inf	3 
    3 	0.00 	Inf	0.00 	Inf	1 	0.00 	Inf	3 
];									

model.chpcost = [			
			
% %    h1    h2   		
49.5000000000000	0.0750000000000000	
49.5000000000000	0.0500000000000000	
49.5000000000000	0.0250000000000000
];		

							
																
model.load = [0	0	0	0	0	0	0.500000000000000	0.500000000000000	0.500000000000000	0.500000000000000	0.500000000000000	0	0	0	0	0	0	0	0	0	0	0
0	0	0	0	0	0	0.500000000000000	0.500000000000000	0.500000000000000	0.500000000000000	0.500000000000000	0	0	0	0	0	0	0	0	0	0	0
0	0	0	0	0	0	0.480645161400000	0.480645161400000	0.480645161400000	0.480645161400000	0.480645161400000	0	0	0	0	0	0	0	0	0	0	0
0	0	0	0	0	0	0.490322580600000	0.490322580600000	0.490322580600000	0.490322580600000	0.490322580600000	0	0	0	0	0	0	0	0	0	0	0
0	0	0	0	0	0	0.490322580600000	0.490322580600000	0.490322580600000	0.490322580600000	0.490322580600000	0	0	0	0	0	0	0	0	0	0	0
0	0	0	0	0	0	0.490322580600000	0.490322580600000	0.490322580600000	0.490322580600000	0.490322580600000	0	0	0	0	0	0	0	0	0	0	0
0	0	0	0	0	0	0.480645161400000	0.480645161400000	0.480645161400000	0.480645161400000	0.480645161400000	0	0	0	0	0	0	0	0	0	0	0
0	0	0	0	0	0	0.470967742000000	0.470967742000000	0.470967742000000	0.470967742000000	0.470967742000000	0	0	0	0	0	0	0	0	0	0	0
0	0	0	0	0	0	0.451612903200000	0.451612903200000	0.451612903200000	0.451612903200000	0.451612903200000	0	0	0	0	0	0	0	0	0	0	0
0	0	0	0	0	0	0.441935484000000	0.441935484000000	0.441935484000000	0.441935484000000	0.441935484000000	0	0	0	0	0	0	0	0	0	0	0
0	0	0	0	0	0	0.432258064600000	0.432258064600000	0.432258064600000	0.432258064600000	0.432258064600000	0	0	0	0	0	0	0	0	0	0	0
0	0	0	0	0	0	0.422580645200000	0.422580645200000	0.422580645200000	0.422580645200000	0.422580645200000	0	0	0	0	0	0	0	0	0	0	0
0	0	0	0	0	0	0.412903225800000	0.412903225800000	0.412903225800000	0.412903225800000	0.412903225800000	0	0	0	0	0	0	0	0	0	0	0
0	0	0	0	0	0	0.412903225800000	0.412903225800000	0.412903225800000	0.412903225800000	0.412903225800000	0	0	0	0	0	0	0	0	0	0	0
0	0	0	0	0	0	0.412903225800000	0.412903225800000	0.412903225800000	0.412903225800000	0.412903225800000	0	0	0	0	0	0	0	0	0	0	0
0	0	0	0	0	0	0.422580645200000	0.422580645200000	0.422580645200000	0.422580645200000	0.422580645200000	0	0	0	0	0	0	0	0	0	0	0
0	0	0	0	0	0	0.432258064600000	0.432258064600000	0.432258064600000	0.432258064600000	0.432258064600000	0	0	0	0	0	0	0	0	0	0	0
0	0	0	0	0	0	0.441935484000000	0.441935484000000	0.441935484000000	0.441935484000000	0.441935484000000	0	0	0	0	0	0	0	0	0	0	0
0	0	0	0	0	0	0.441935484000000	0.441935484000000	0.441935484000000	0.441935484000000	0.441935484000000	0	0	0	0	0	0	0	0	0	0	0
0	0	0	0	0	0	0.441935484000000	0.441935484000000	0.441935484000000	0.441935484000000	0.441935484000000	0	0	0	0	0	0	0	0	0	0	0
0	0	0	0	0	0	0.451612903200000	0.451612903200000	0.451612903200000	0.451612903200000	0.451612903200000	0	0	0	0	0	0	0	0	0	0	0
0	0	0	0	0	0	0.461290322600000	0.461290322600000	0.461290322600000	0.461290322600000	0.461290322600000	0	0	0	0	0	0	0	0	0	0	0
0	0	0	0	0	0	0.470967742000000	0.470967742000000	0.470967742000000	0.470967742000000	0.470967742000000	0	0	0	0	0	0	0	0	0	0	0
0	0	0	0	0	0	0.470967742000000	0.470967742000000	0.470967742000000	0.470967742000000	0.470967742000000	0	0	0	0	0	0	0	0	0	0	0]			
% outdoor temperature									
model.ta = [									
-10	-10	-10	-10	-10	-10	-10	-10	-10	-10	-10	-10	-10	-10	-10	-10	-10	-10	-10	-10	-10	-10	-10	-10
-10	-10	-10	-10	-10	-10	-10	-10	-10	-10	-10	-10	-10	-10	-10	-10	-10	-10	-10	-10	-10	-10	-10	-10
-10	-10	-10	-10	-10	-10	-10	-10	-10	-10	-10	-10	-10	-10	-10	-10	-10	-10	-10	-10	-10	-10	-10	-10
-10	-10	-10	-10	-10	-10	-10	-10	-10	-10	-10	-10	-10	-10	-10	-10	-10	-10	-10	-10	-10	-10	-10	-10
-10	-10	-10	-10	-10	-10	-10	-10	-10	-10	-10	-10	-10	-10	-10	-10	-10	-10	-10	-10	-10	-10	-10	-10
-10	-10	-10	-10	-10	-10	-10	-10	-10	-10	-10	-10	-10	-10	-10	-10	-10	-10	-10	-10	-10	-10	-10	-10
-10	-10	-10	-10	-10	-10	-10	-10	-10	-10	-10	-10	-10	-10	-10	-10	-10	-10	-10	-10	-10	-10	-10	-10
-10	-10	-10	-10	-10	-10	-10	-10	-10	-10	-10	-10	-10	-10	-10	-10	-10	-10	-10	-10	-10	-10	-10	-10
-10	-10	-10	-10	-10	-10	-10	-10	-10	-10	-10	-10	-10	-10	-10	-10	-10	-10	-10	-10	-10	-10	-10	-10
-10	-10	-10	-10	-10	-10	-10	-10	-10	-10	-10	-10	-10	-10	-10	-10	-10	-10	-10	-10	-10	-10	-10	-10
-10	-10	-10	-10	-10	-10	-10	-10	-10	-10	-10	-10	-10	-10	-10	-10	-10	-10	-10	-10	-10	-10	-10	-10
-10	-10	-10	-10	-10	-10	-10	-10	-10	-10	-10	-10	-10	-10	-10	-10	-10	-10	-10	-10	-10	-10	-10	-10
-10	-10	-10	-10	-10	-10	-10	-10	-10	-10	-10	-10	-10	-10	-10	-10	-10	-10	-10	-10	-10	-10	-10	-10
-10	-10	-10	-10	-10	-10	-10	-10	-10	-10	-10	-10	-10	-10	-10	-10	-10	-10	-10	-10	-10	-10	-10	-10
-10	-10	-10	-10	-10	-10	-10	-10	-10	-10	-10	-10	-10	-10	-10	-10	-10	-10	-10	-10	-10	-10	-10	-10
-10	-10	-10	-10	-10	-10	-10	-10	-10	-10	-10	-10	-10	-10	-10	-10	-10	-10	-10	-10	-10	-10	-10	-10
-10	-10	-10	-10	-10	-10	-10	-10	-10	-10	-10	-10	-10	-10	-10	-10	-10	-10	-10	-10	-10	-10	-10	-10
-10	-10	-10	-10	-10	-10	-10	-10	-10	-10	-10	-10	-10	-10	-10	-10	-10	-10	-10	-10	-10	-10	-10	-10
-10	-10	-10	-10	-10	-10	-10	-10	-10	-10	-10	-10	-10	-10	-10	-10	-10	-10	-10	-10	-10	-10	-10	-10
-10	-10	-10	-10	-10	-10	-10	-10	-10	-10	-10	-10	-10	-10	-10	-10	-10	-10	-10	-10	-10	-10	-10	-10
-10	-10	-10	-10	-10	-10	-10	-10	-10	-10	-10	-10	-10	-10	-10	-10	-10	-10	-10	-10	-10	-10	-10	-10
-10	-10	-10	-10	-10	-10	-10	-10	-10	-10	-10	-10	-10	-10	-10	-10	-10	-10	-10	-10	-10	-10	-10	-10];	
model.t0=[60
60
50
50
50
60
50
50
50
50
50
30
30
80
80
80
30
80
80
80
80
80]

model.pipemass=[
50
50
100
50
50
50
50
100
50
150
50
50
100
50
50
50
50
100
50
150
50
50
0
0
0
150
50
50
50
50
50
];
model.water_c = 4.2e3; % (J*kg^(-1)*K^(-1))									
model.water_dens = 1e3; %(kg*m^(-3))									
model.base	=	1e6;	%	base	value	of	power	(W)	
model.heat_a= [																																													
	% DHS_node	Hmin	 Hmax 																												
	1	0	20																																
	2   0   20	
    6   0   20	
];	